maur—*m

66661766

VERSUUM EDITIONIS BRUNCKH CUM KUSTERIANA

SECUNDUM Qum scflom cmm somn.

706116 seria 611116666οι66 indicat 66666 61756 mu, 660666 numero agijocta 661, 6666666 ad 6766716666 memoratum
6616666666 6616166666 67616666.

105100011555. nuum. 6666, un. 56666665. 6666. 66666. 6666666666. 66666. nm.

666 666 665 665 6 666 666
667 666 666 666 6 655 656
666 166 665 665 6 670 676
766 766 666 666 6 666 665
766 766 6666 6666 6 565 566
756 756 6565 6566 6 566 566
9⁸9 767 766 6
6666 ξξζ ξξξ
, mmm· 6665 6666
,666 , 6655 6667
666 6675 6666
666 6566 6566
666 6565 6566

001
6667
6676
6666
1050
6676 ωο

6666676. {gg
665

100
700
711
007

000
007

150 150
500

, 050

070

077

Ξ

6766 6766 ⁵⁴⁵ ⁵⁵³
6666666666. 555 555 65
,ο n 665 666 66
¹5 '5 676 666 66
m m 666 667 66
500 500 666 666 66
⁰⁰5 m 665 666 66
wo m 666 656 66
= 676 665 67
666 666 66
665 666 ³¹
6665 6667 66
6665 6666 66
6675 7667 67

”staff—05—

ΒΞΌΦὮωΦΟἿῠυἉ-δθυ-δθ

075 070 .

000 000

· 005 001
1000 1000
1070 1071
1075 1077
1000 1001
1010 1010

00001000011100110

50 50
55 00
50 61
160 137
710 710
715 751
017 055
- 015 057
1070 1000
1005 11100
1000 ’1000
6665 6666 9⁶³ 666
1160 1101 666 953

666666. 6667666.
6766 67616 666 6666 1¹

00
000
, 005

eat-’wuo'zo-fl-eaae——ae—

1000 1010 00
1000 1005 05
1005 1071 00
1010 1070 00
1015 1000 11
1055 1007 10
1300 1101 11
1001 1100 15
1005 1110 17
1105 1100 10

seemsuzusfl.

171 100 0
107 101 0
100 105 1
ἑ)
0

υθ-αΦω-θμθ-Φ-Θ-*Οβ
εοοοκιοκισιο-εο p: ..v—o-—ev—-o——e——eo-—o—

700 701

,θωδ-Ὼοδθδθῶωδ-,ωῦδῡ-*Φ*

u———u———n—
&etQ-0

——0——0——0—

 

