11111011 1,111661101 11111111611161011111116611661 ,6116 6661111 6011116116 6101111 asserebatur, 16111, ,11. 117.
066666616161161111616611006116 116611 0161, Art. Panathenaea saltatio 1116111 0616 clypeis agebatur,
117.16116111111671076116616116616661161111711661,11116.96616,1111616166111011111,1166 1063-1093,
1616311. 106.1067,616116616661611106116161116,10 11,11

1111101661111666116111661616133. 661661 0116616 11161 16161111 11116. 971. (1101611611

161111, 1166. 1161, 11001.176,Τ661111.1136,· πολιοῦχος, 11666161) 61611111 6616011161611 6111161116, 11116. 1611
16161, 1161610601. Hymnus 16 1666160 advocatur 0616111111 661011 otras possidens 6161 partem 611 661
611 6661116111, 161-191 1661611011111101601 1160116, sestam 11616 0666661111, 16111 1161606611, 11161166
11. 771 16116110617166166116661010111111110- serto ,116661661111616111116111 publice vescebatur 60
1661601101606611011, 116. 1171· 6061οΜ006107 1177;617116;11611160]’6110111106 111611 omues 61 06161116
6666001000, 1176· ,1067011706 1111 ,01600701 1161. 60116111 666616661001171066661111666616111106011
1166 11100111 6161600161611111161066106616 11116366. 16116166

161161,717161161111101111,6 66116160111110116166111 6661111111011616666611111611161661, 1166. 37.
600677111616116666171116111,1.61.111,16161113. Ρο1103311101001100111110111 quarta 6606116 611116 11-

1,6116116 6660111060,11166066611611116111111116- 066116106066111161016016.100.
11166111661611616061161110, 106. 3111161311. 3363131311,10000301110 1166106111, prophanatum-

11111661,τφι60001,6611161617661061166116616611136601611110016111016161111116161616 1611106110
16666766616161101160116110111616 661666117666· 6610610101κο1011,011.
tur 1111101100 1111 sqq 161166616661611111611010 1016100,10611610010171,0000100 matonam 1161
01111616,11116.11031φ. 06161661061110611111 11101611 fasta 1166061 661161 61

1616166171 3666161666161661616 66601611171161. 7111313313 33303333131333333 &aalma mit: a'ta
11616170. Χόις]61111111666011111111111161,106.061 ,1169101

16161161 6161611, 11. 176 61 rot. 6661166610 trapa 1110061161,.116661111661111106 6066601111

111060101076160011001111101010111600,,6 166 66611666611611111111661111061116161 quattuor 00

11666116161016111611011661066110616111611, 1116611161, 331333 amm 3331333333Ι wrm 3338333333 lta
0101601,1601110,,11616106010, 6161666 ejus 6796. 16,1616.1113.1·11166111606111111111611·1111610611111111
6611160010 ron 10601111061001106011 essert ’171311166170111111101 1110661116
066111-1161 6116111661111101611106111101111116666116.331313333313 tata 3113311313 13331101 armata
1111611111666611111111661616166616611161116111, 313313331313133333333 1³⁰0· 3333· 3333333330
qut 11010011166000001601 01600 aa 600 rem, 1116161, 66161 6606666171161611616111,11611.177.
6166166116 1166106111 1111116111 1666611611 011611- 'mm 333333 t¹⁶⁸1t 333 333 3133- ΧῙ, 3,· 3333
116111,1·1.361. 3

1116676161610116116111636161011111116·616Μι16660666, 1611070111,111161661016000100660101166161611711
sycophanta, 6601116101 0611010161, quoa 10616107· 1166161111611116111111111116106611 Aa. 161.
11001610606100001000101611010600106 06 1163011,16161061111111106111171911.
61666661611611616161111711606111060161- 116110600611066711106 6616116 111111 mnttoe: 111111
1661616166671111116116110101061 1666661666161 616110611661616111116161, 661.139.161111611
10171 166616666661661611616711611111111116161, 761111

Pan, 33101113. 973· ,3666331011 e 60763611,0136361γοᾶὰ- 333.
τας, 066606666661611600, 1067166101116111 1,6131166,1611716116666,Ρ66 3113. Ρο116633611661111Β61116113ι3610
10110111,11011.130.1111116030001600111661111..-6]11 00111611 ,.116 1113.

1116111,61011116111 1161106111,16.1161,060610111611061 Pares 6001710111 6616611101 1161111167 1616. 110.
10616,1111011116116101 61171101 06611, tv. 711. 116, 1161601661116101161111111. 167.
0060116661660016,161.111.166070060611.11101101(1011100111011711111,1101110

1010 11611 1660111116 16 110111111611111161, 661. 711, 1166116166111116101101101116611611611611116111636-

011. 116111611616616116161061661666111617111611161116 1611-1011101111 at toerr 0161111111 611661 rupta,
66111 eam 11161116 611 61110 teum 6016011011 6616- 1036.

166161611666111110 ,661.1.11661·0161611110,1001. 10116161,11111333313133 W PM& a·
1009. 0611111111 7666606666, 60101111 11616161, 1616

11111061,11 70173661166101116611 60 6116160116, 917.

1601113616116161166601,701,613. 1611166161 (6161116167, 1161 611116 1136166166, 11.

1166111111,06661,1116611166611131066116116111066116 1166111616.

W< των 3111131111 Ρ66711617611116,363 656.

1111611616[6616161666611114131661611016161 11661160,116016611616.161116611111111-106611166
611116111611110101, 16610611 (rel 606617,1ιαγιίφου, fi· 11166 61111 1616616111 6111601611 de antiquitate 661

, 1161, 601116 6611111, 611 6666161666 1161166111 16- 111,11ο1.11116.3970611..
0111111111116,1161116611116111]6610;6611111161111011111 11611711.11661166161166111,161633
61 6166116 1116111 661661 1116111111,61166116 111616- 1616611111.Ι 111 0611161116 611111 111,11161611666111111161,
ctus 1160111 ‚qaam 61 6116161111 666666666111,.11. 61116111 6111116111 60111161, 616 11616 61 61116111 11106-
110. 616 6666106161· 606610, 6166111111 160 731 ,36

1116166166166161,61111116611661166111161Ι111616666 106, 11116. 610, 11611. 671, 666, Prot. 1, tau-⁵7, 70
116066666110616611116 ,ὀτιιαὶὴναῦςὸκὶγῆςπλέοι 166111,,63-17,66166.671Χ,·Χ,0, 16.-6661111
aar 601011,160.116. 11311666166116106 11661616 schotto 6111. 11,11“116.1111.16161761111161161616,
1610606601666166116661111661101, 6161661666 ,tv 1016117111 6611166116 quot 6161661610601,
6110616016 11611116,- artur 616666 tum 6611060601 1616.1071.061111116611·1661116167161,11611.311
610166160661061111071666111161116116611 1111- 16166611011, 16666661661016116.
proretas, 1616.111.11160616616116160116106 6 06 1616066166611661111111611100,160.111.

· 16111106 611 Εἰ66111111111611016,116.166, 11166166 16160166667111611111106111016,661661061111116116

 

011 11111111 1011111111 111 1661111. '
7
7
7
7

