11111111 samonum.

330. 933. 9371337.1373.117771707333793777739373.303.37.
[3913773711179739771737371. 131Η1713773333.7011

[3773117171ος 31. 7131. Μῦς 17779 3791 9337791777 31.

339737737379737777933 7777777377.
mmmmm. 1117771777 17. 777. 77737 777. 7777.
[19333137079117773311. 710. 130. 177. 31. 330. 3317. 101. 133.

79777977 77. 7373. 3771 7333 177 73. 373. 37. 777. 7773 7177777.
377 733 777. 373 73 3777739777
-377777777777 737 7777771777 (munium-mmmm 7733.
377 373. ’.71777377Ξ 7777.
“mc 1737373717 m 01133
331. 3313337339.
{mmm mmm.
33977 77771. 77.
wwstwQOffl
737. 7737 3733377739. 737.
Q 777 377 77337. 7773.
,7377777373
’39703737 333113.
7377337779. 777. 37. 7737.
mmmmm.
Ἐπιλὴσμυν 11773. 700.
3397773. 77. 733.
3977777779. 737.
’737777 7777. 7777737777. 777.
[1773771337 37. 3111737777. 333.
77377777 Q 7777. 77. 777. 373.

7777777737.

1037777717 vesp. 710 7731.
7137377737 11317. 03. 033.

11133737 1773. 1113.

7131373 333. 733. 37. 111. 733.

11777173 11311. 377. 37 333. 370. 100.
310. 331. ne· 303. m 701.
1031.

tm 17- 17 us·

7313337333. 777977. 7117.

’7939717737 333. 317.

3319737773 117111. 011. 1339. 7130. 37.

7393739737 331713 377.

’11973 37. 733.

1191777 7773 77971779 7717 1133973737
11317. 10.
11971117 333. 1111.

7773777 3397777737 77717. 737.
mmo< Mna& 100. 1033.
3397793713( 117717. 037.
337773 ’3977777777 77. 7737.
31770937 1737777199 1703773707 333.

3377777. 11977337 1777913777.

mmmmm 331.
3777777737. 777. -3377777771737777,

3777777717 7779 mmm. -77777777771777777 tq, 7773.

377. --1711771717(173777)7717.377.
-177790319 730 adeum m. ω· 1717977719 1739311.

333. 'om 71. 7. 3. 3. 77. 73. 77. 733.
377777 3 ’3771737 373. 073. 733130. 301. 373 370. 130. 313.
3773977737. 1737. · 773. 337. 373. 337. 733. 777. 333.
333973073371773177777733. 77737773 77371773777737.
-77737371377773777771737 773. 777. 737. 777. 737. 773. 777.

37777977717737777777733737.
737. Q 737. 737. 737777. 777.

’3173177393 1133. 1333. 333. 777.
11317737. Ejus 7173771713, 0393733731,
1777117171ες

3777737773 7373 777. 7.

’0377933077 1111. 1113.
9313117] 71011. 7197

‘wrm‘ 1739. 1301.
19771 177. 373.
3737733777 Aah. 131.
1073537737 1173337173.
7131717937 333. 113.
1171771337. 1103.
’110131793733 1773. 173.
ΜΜῑλῆς 1 mimum 17 τῷ 77791
’3171777773177373 173. 773 37

mmmmm. 777
7779737. 3777777777. 77. 7733.
117171771731177 ,303

11173739333773. 1037.

”· &dmm 101
0737197701713771931 173. 303

-17333773731313

”wamma 7777

Εγχίιρογάσωμς 371331.
71137371. ma.
(7177777777)1 ’1193033777 17 τῳ β’ 77791

’119731717737371
37737177 11317. 1131. 11377. 33

3777097733 111111. 1131.

11173 333. 713
,1773μὴ377 177. 117.
3777971777 173. 307.

zm m· m·

3777937 373. 777. 777. 773. 7777.
7777. 7771. 7337.

-·- 77 ’.137777777373197337 11770. 117.

100 7107. 133. 338. 333. 313. 033.
311. 713 730 733. 311. 303. 1113.

137. 3011. 330. 330 7107. 351. 373..

7137

7773. 777333. 37. 737. 777. 733.
1301337130. 111 133. 033. 303.
703. 771. 701. 1317, 1311. 3717. 1.
3.7.13.17.11.13.33.31.33. 103.
111. 111. 101. 111. 117 730133.
130103. 133. 130. 173. 1113. 193.
303. 330. 331. 313. 331. 303. 110.
111. 113.. 170. 313. 330. 331. 739.
771. 331. 003. 007. 1033. 1113.
7773. 7777. 7779. 73. 33. 37. 777.
7111333363- 301. 311. 333. 303.
310. 730. 333. 10331101. 1313.
1331. 1137. 7173. 333. 1. 7. 31. 33.
33. 07. 111. 131. 303. 330. 3311.
733. 733. 733. 731. 773. 1130. 031.
1011. 10171030. 10031137. 1171.
1170.1111.31.13. 11. 731. 107.
171. 131. 330. 331. 399. 101. 373.
331. 303. 333. 377. 1177. 1310.
137011171173. 1333. 1317. 1703
1717. 3331. 373. ’1173337333 731,
377. 377 3 333. 777. 773. 777.
3133933373113971733 37013. .
1131391137 333. 913. vesp. 710. 1103.
1137771773, 1133.1101.
117133739371101771030.
mmm 773. 7773. 737. 773.
100. 710. 1133. 310. 130. 003.
sq. 377. 7733. 7373. 333 37.
117 337. 1339. 303133. 73 133.
131313 307. 1131. 37 313. 970.
011. 1111.
mmm 17. 013.
11117371739771731177. 17011317.
1113. 1133 303. 177. 3317. 11. 337·
133. 3131133171 ·
’3373391339 1310. .
’Ᾰμφῐῲῖἥ Ρ17 171.
37113177 11317303.
’11397771 uh. 331. 330. 73. 31. 703.
zeh< 7777137777 333. 7717.
1117397177 11377. in 379. 31 303. 370.
331. ⁸
11173777 37. 171.
0139ιά701771133. 090.
111737 37. 1107177. 1311.
Π37339737 3311. 303. Q 733. 013.
0713373937 nub. 110. 1739. 301.
311333.
11797771γή( 11117 109. 37. 7197.
11337τὴ31133. 1130
1773313377. 3371379. 1311. 37.
1393731331). 331. 1379 137. 333.
701. 37. 100.
139933 37133.
’1771933133 11317. 331. 17. 171.
1177773103.
33777731. 170. ,
1113737 3971333937 11. 331. 331. 11773.
333. 333. 7777. 7777. 7777. 77. 337.
vesp. 733 733. 37 773. 7737
11737777. 71. 300.

7737 (7). 77777. 7. 73 733. 777. 777. -77177977771 77 3771. 773.
737113. 110. 313. 310 333. 373 --1779777911193771117171173
773. 300. 311. 113. 7033. 1013. *31171117δή939 11311. 101.

13.

 

