mm fimus. 111

mama. mulmis. 1170, mmmmm. 10100010.011;1011.11111011.00.
, 1111, 01. 1000000111. 1111. · 101000101111001101.

1100010101. 101. 1111110111-110, 10. 1001101100111111011.

dmm& 000. 01011. 10011010 000010 1100. 011, 1. 11000000, 11. 101, 11.

warmund 11. 1110. 00111101 1111. 011, 01. 11101101 1001, 110101100.

«mmmm». 0111. 1111011111οω0. 01001,10000010,1>1.1011,11.

1010010011,10.’,11110 111111, 1001110110.
1011,11. 111010 1011. 311.

1011011 010101110υό00ψῄοη 117 111000010110100101010 1111.
1011110111 719.ῑαμ1110110010111111100.

1100100111. 7101001111οω 010. 771, 11.
’10110001 01. 101, 11.

’10010111 Pl. 701.

ἔχειν. 1110 0001ξο 11, 1111. 1011110101 11111. 110, 11. ἰατρεύειν 11. 181.

1010 0001 mmm, 1001110 mamni· 1101. 0000111101111010.
apud 11111011100111,1011111. 11· 'mmm Έ11-111 101060 00110010111101.
1111101101.311,11. ’.11001λῆ1011 51, 5²5 110. 711. · 101101 007100 1100, 31.

ἐχῖνος 1010. 1100. 1010010011. 110. 1111. 11111001 100. 10.

ιχινοςτῶνμψνιιεοπωνωονη. 100. 1001100011. 011, 10. 1110001000 10. 1011.

11001111. 101, 11. 001101 1110111 11011100. 10110000 1101010011οι1. 010.

1000000010. 1001, 01. 110ος017111001100001. 11111110 11111. 100.

1000111111, 1010. 11100101101011100101111. 1101011111. 11010.

1100001010111011001110011111. 00110101111.1071,1001011.111. 1101111 0111. 1170.

111ςῦ101110. 7,10. 101001001110.1071,11. 111101κὴ 11100111111.

1111 10100100 11ος 00100010. 130, 17. Θαλῆς, 0011107111. 1111, 11. ῑλιγγος 1011. 181.

&mk ’10οχ01 11111. 111, 17. Θαλῆς Ouum, θαλοῦθάλῃοςλῑ 1000. mm 1110100111 0110110111 00. m.

'mmmmm , 11110011. 1001, 10010. mmor.

11000001. 1011. 0000110111. 1001, 10. · 1010000. 11. 101. ·
mmmm. 110. 11000001. 1110. 1101111011 111. 1100000000

ζὲμι 110. 911, 311. 0110100 011100 100. 071. 1110 010 10111111. 171.
1101111111. 011, 11010110. 1010000111. 0111011000. 10. 11111111. 111.
mmmmm 00011010100100. 1110. 11011 1001001110. 11.
1001000101.11,0 10010111101111, 1011011100. 1110100111,
11011101 1110011110. 17701. 110100110101000. 1101. ’1011101101 ’0010011110 1011. 100.
101011001οη 10 H. 111. 11110 1010001 101 1010100111 v. 1. 100.
’010 11101011. 1111.
mamm. 110 0010010111011, 11.
1001 0011011100. 1101100011οι0. 111.
000111100101111. 100.οω,1000110011,0001011
1011001111.1011,11;101.101. 1100010000. 000. ' · -
1000011110111. mqopuvoep. 110. 1010100000οο. 1101011. 1011,
(0101010101. 11000000000000100000010100, 100110οχ0001 010111.
11110110. 111. 0001000011. 111. 10000101 10 0001010011οω 10 11.
11001000 01. 01011011101111100 1101001001οο, 011, 01, 311.
1111. mamm< 1000, 101010, 1010100111 11. 010.
0001100101. 011, 1. 1100001010100001011100001. 1111111111·
ζωμάρνσφυς, ἡ, 001. 111. mmmmm 0000, ³³⁰, ἰχθυοπώλην 1110. low 11010. m.
10100011100110000. 111. 00. 1110111117ν vesp. 111. ¹2·
11111οη00100107, mmmmm. 1100. *100111011.00011101101. 107, 10.
1100010101. 001, 11. 01000011.11,11,10. 1110110110. 11111011.
1110011010. 1010111111. 0000110 11011. 111 ’1011111111ωο 1101 ·
1010001010000,10.0.00001000101110.11,11. · 1011011100. 1111.-
1110111111, ¹⁰⁷⁵ mmmmm. 0100100111101.
m» τὰ, Ly.. 150 1100011010 1111011000 1100. 1111.
1101001000111. , καθαρ1111111011001001.
1100010 11. 017, 31. 10110101 11000 101. 111.·
· 111, 1, vesp. 090. 1000010001 01. 111, 10.
amman& 1111 1100110111. 11010. 0100000000) 101. 11, 0.
1011111011 11 1110, 010. 100. 1011000000 1011001.
10...011011.011;101,00;000. mmmmm. 100. 11101011111111111001111001
1100, 110 11111. 177, ³⁵3 0110 110 001100011101111000011011100. 1011. 1117.
7η.001;101.191;1η1.00110011. 6001001101 01000010 1011. 701, ³³3 1011011101001111111110.017,11.
010,00;11.00,11; 1111110111. 1010. 011,1. . 000100000100, 10
1, 0. 1100101101 0111 11111711, 07. 1000111101 1001101011. 111. 10110101011011110, 10.

11011001,1,11.011.10011101110 1011,11;1011 101. 01110111. 0.000000110101.1011,10.

1100011111. 001, 11. om, 10110111. 111 1011000,0,1000101000111.101,

ἡμέρα. 0101101001, 1101 1110100111. θρῖατῆςθίνηίδοςάθρίηθενΛν. 011. 00.
, 1010101. 1101 100110000110111.

 

