701

1110111. 911. 1171. 111011.

111170011101.

· ’1010000111101
101. 91. 111170. 101. 110. 1100.
ψΜΜΜΜΜΜ
999 071111011101110.
99. 711. 1110. 11301110. 000.
111, 109. 1011. 11. 1111111110.
ΜΜΜΜΜΜ

11110111191.

Molo< 1111111071. 11111019. 1171.
110111111.

Ἄλκηστις 11017. 1111. 00. 1111.
71110111. 101.

ΜΜΜΜΜΜ

’11101110 lum-999

’11111010 110. 100.

ᾺΜΜΜΜΜΜ

10110111110 11. 11. 1111111110
1011.1010.1010.1011. 1000.
1001. 1010. 1010. 1001. 1070.
1010. 1101111911.

10111791”01111111101.1300

Ἀντιόπη 1111110.

299109991199. 1101.

ΜΜΜΜΜΜ

ΜΜΜΜΜΜΜ.
11171111. 110. 111111. 711.

ΜΜΜΜΜΜΜ.
110111.

'mim ’01701111 011. 1011.

’0111011 111. 17. 111. 1110.

’1110011110- 1011.

‘noman 11. 01. 1111.
’0101111111
00111 111 997. 979. 979. vap.

111.
1011. 10.

111011.. 111. 992. 111. 991.
1011101171. 11. 011111.
ἰφῖἓὲριινιιὺΜ 11111. 1919.

, mmmmm. 999. 011.

mm 1110. 1111111. 111. 1110.

10111 111. 110. 1111,

1111110111. 1111.

Μελανίππη 1110. 100. 1111. 1111111.
mmm

Μελέαγρος 110. 1111. 1111. 9909.

01101100. ιι. 11111. 111010.
101100 1111110. 1111. 710.
1011.

οινιύς 011. 71. 1111. 111. 171.

’01111111 011. 1110. 101.

Παλαμήδης 1110. 1111. 11111.
111100. 771.

1101110111. 170. “
[1111011011Ιὸ0.

Πολύϊδος 1111 007 (1). 1171110101.
01111οο11 110. 1119. 91110111.
1071. 110. 111. 1111101. 101.
τήλιρος 11001. 7100. 191. 911.
1110110010. 109. 11101111. 1.

INDEX 000101Οο071.

111. 110. 110. 111. 171. 197.

110. 110. 010. 077. 010. 010.

nm. 111. 111101.
71001111 1110. 1111.

11110. vesp. 1111111710.
Ὑψιπύλη 100. 999. 111. 1111.

1111. 1000. 9³99. 1010.
Φαίδρα 110. 1011.

Omma 1110. 111. 1100. 010.

Φοίνισσαι 01001010. 10. 0007111.
1100. 1017. 110. 100110. 11.
010. 111.

0101111. 1011. 011.

10110101011111.

0011011111 11101 1101110 patre docuit 00016100

1111100 1011111110 in 101101,
00011010111111111, 000. 17.

01101111 111 011.

11116111 1111110110). 1999.
1110. 1091. vesp. 101. 000. 071.
171. 010 1001. 10001111. 1100.
11. 110. 199. 010. 711. 790. 073.
000997. 1070. 10701100. 1110.
11101711.

'hemum 119.

Ἡλιόδωρος vesp. 1111 111. 1311

’11ρ10011ς 11101011111111000000·

00017110. 1111.
’5000070101000100111111 111. 170.

101. 117. 111100. 11. 91. 111.
1011011111. 10110111 999.
*0111111111 111111. 111111.
1011. 1110. vesp. 010111. 11,

.... 11 ’0101000111 11. 177.

.... 11 11 1111110 00. 1101. vesp.
111. 111. 70. 111. 911. 111011.
177. 1010.

-11 ’11011 προσῳδίᾳ 00 117.

.... lv Οδυοσιιιιιιῇκροοιρό1011. 101.

uffa& 1117 01001 0111111

-111011101 110101 111. 991

Ησίοδος 11 10. 717. 110, 10111. 10.
110 000. 1011. 171. 100. 179. 710.

1011111111. 1011111101.
1110. 1170. 1010. 17. 001000.
091. 701717. 1111111. 7091

... 11Ἆ111οι 1110. 999.

Ἦσύχιος 0 ῑλοῦσιριος 1100. 110.

’110001101111001111 010. 1101.

θιαγένηςὸπιρὶ Ὁμήρου γράψας Pac.
01011011.

Θεόκριτος 01101. 110. 1100. 1007.
1110. 010. 111. 1011119. 771.
1110 1111. 1117. 11. 71111. 171.

-μ11 ’.10000ζοὺ110 71011. 1110.

-.. ἐν τῷ ἐἰς Διοσκούρως 101001.

0101111111ςο 111001ος 010. 110. 1017.
11011110110. 100.

..- 11 10 ιγ’ τῶν 10101001 010. 000.

Ι--- 11 11 0 τῶν 0011100111. 901.

010. 1071. ,
...- lvd ι’ τῶν Φιλ. 00. 111.
...11111 ιο’ τῶν Φιλ. 11. 110.
-- ἓν τῇ ιε’ 11. 000.

*0111011 1011.
9160011016700110101. 1111. 001
00011171701.

Ἀρροδίοιοι 01170.

0001111 91. 1011.

’1107001411 700

1101111011 1111. 1011. 11. 1101

’00000101 1110. 1111.

Παῖδας 11. 1111.

1071111111. 11.

Τισανινός 1110. 1111. 11. 11.
mm< 11 710111. 10.

Μι (0.1001111111111. 011
11110011.

...-1110101 musteum 1111
ς11.71.111.101.1717
011.101.911..1011.11..701711
1011.1111.11Ιι.1.11.111.191.
wwmmmmm
11. 110. 111. 019 1091.

-111111111111 500101

ἓὲξ.111.170.11.117.101-1ΊΙ101.

*0110011111 110
ωέντὶδιτρλὼ. 170.

’1011οςῐ101 10107010. 71111111.

1001. 7110101. 111. 011101
’10001110 1110 917.
’1101001 1. 1101..
’11101 V Δημήτριος.

ρ660111010110111111117111101171.

’11070101 11111111. 1110. 10111. 117
111. 701101.

Ὶσῧράπιι 11 τιῑι mmm 10.

’.111ρο171011 971. 11 1191. 111 011.
’101011ος 110. 011.
Ἀγαμέμνων 11. 1110.

0111οη11. 1010.
Φοῖνιξ ἢ [1011101011700.

0101111110.

Καλλίας 7111.1119

.....-11 Πεδήταις 11. 11. 111.

Καλλικράτης ἢ Μενεκλῆς περὶ 111101
1³99. 111. 11. 005.

Καλλίμαχος ΡΙ. 000077-110111
ΜΜΜΜΜΜΜ
11ι.111.111017.101111.111

701. 011. 979. 111. 11011111.
voep. 01).
.-1.1.01111.1ι1(0.1ι1.10
...1111111001111110 1007.
...ἐν ὕμνοις 1017. 711.
....- 11 χωλιάμὼις 999 001
1111011010 1³1 1711111711. 1111.
11111.01.110.170.117.100...101700
791. 011. 1111. 1011 0111010117
110. 001. 071. 771. 001. 010. 011.
Ι 1010 1110. 1101. 11100110.

m

ΜΜΜΜΜΜΜ ³
ιΜΜΜΜ.ΜΜΜ ’

 

